7595763645
5561165855
7670946750
7275393939
7529483383
6682580317
6737053229
6279732092
6912631080
7209843194
8196699108
8192676104
8045464701
7987477335
7969946589
7952893597
7675930963
7638180834
7571391032
7565781956
7550635338
7541987554
7205021177
7204556856
7202122581
7158812108
7156067272
7109870001
7048499917
7024441810
7011937754
7005115256
7001550008
6990928735
6953841380
6931166444
6850138590
6795910098
6780411701
6772435516
6739923862
6709678452
6700730167
6685062098
6657494326
6628457159
6610939676
6592321197
6588272356
6531869807
6472473867
6465523135
6416448141
6414533490
6342127487
6293659942
6286442793
6283129550
6234753831
6010428531
5952738758
5950546111
5839920370
5561382457
5313179316
5163135312
1369165593
706883912
1133485470
1078436913
6010170395
5244322503
8592369974
8553178040
8240253632
7456288222
8553848888
7861170188
6814867588
6796063307
6779332331
6729910838
6657713450
6644123281
6636536306
6460171213
6455344023
6350281063
6341049260
6327765187
6302348827
6299342013
6295856998
6136077722
6083815107
5779755627
5663063753
5626872516
5475168306
5356840891
5333754007
5265402014
5050206443
1989665267
1628310601
1558946049
1466336361
1420724886
1416950392
7368596901
6867666544
5797614483
7677328359
7281089910
6908334066
7231282775
7545128016
7383980954
7088160540
609517172
7988584221
8440839299
6633359264
8426459569
5405077660
5646852884
8422604514
7669947472
6317829550
7154766746
8430778754
6240265326
8050727612
8394735709
8144599882
8040271656
7913275304
7556164712
7428113148
7343453314
7278994764
7265421541
7254205303
7197286779
7052490030
7042853604
6896491236
6595155162
7130480255
5311507917
8354399805
7044594835
8346313685
6343344281
8395161852
7424973113
7876530254
5107910760
8137609297
8599792876
7847068685
7658649103
7203921674
6389278331
8033001055
8565766715
8564153008
8446640830
8429395335
8373385849
8208693538
8203731444
8160852298
8094470235
7674257901
7450349042
7312211730
7265790205
6026441184
6018455889
5621615532
5595367344
5564918968
5537039876
2037349482
1991053762
1985448297
1960248093
1587932557
1545073677
1325837642
6891068756
6707874500
6334516917
6171752615
7225672213
6906168732
6890437065
6863150788
6680159975
6666936121
6346627335
6337206843
6231061880
6199079274
6185415762
6066935731
5938668059
5816011810
5700220583
8479148778
8473566403
8274668352
7851565921
7742449229
7510350969
7378337613
7154766746
7264976950
7944543761
6352665584
